Pijaus bandomasis tekstas. Antras sakinys.

1 0 0 0
4 0 0 0
2 36 0 2197
4 36 0 2197
4 1 1 4779
4 69 2 6123
4 2 3 7425
4 74 4 9134
4 57 5 10673
2 37 7 11967
4 37 7 11967
4 8 8 13185
4 90 9 15017
4 41 10 16718
4 26 11 17735
4 84 12 19793
4 3 13 21218
4 56 14 22904
4 1 15 25302
4 56 16 26666
2 40 18 28744
4 40 18 28744
4 7 19 30517
4 43 20 32668
4 55 21 34208
4 39 22 36072
4 3 23 37656
4 55 24 39772
2 0 25 43256
4 0 25 43256
2 0 0 45451
1 0 25 45451
4 0 27 45451
2 8 27 47646
4 8 27 47646
4 90 28 49499
4 39 29 51249
4 80 30 52833
4 3 31 53717
4 55 32 55371
2 55 34 57244
4 55 34 57244
4 3 35 59117
4 44 36 60719
4 1 37 62687
4 89 38 64005
4 13 39 65190
4 55 40 70710
2 0 41 74203
4 0 41 74203
2 0 0 76407
1 0 41 76407

1 0 0 0
2 36 0 2197	_
2 37 7 11967	pijaus
2 40 18 28744	bandomasis
2 0 25 43256	tekstas
2 0 0 45451	_
1 0 25 45451
2 8 27 47646	_
2 55 34 57244	antras
2 0 41 74203	sakinys
2 0 0 76407	_
1 0 41 76407


1 0 0 0
4 0 0 0 	_
2 36 0 2197
4 36 0 2197 	p
4 1 1 4779	i
4 69 2 6123	j
4 2 3 7425	a
4 74 4 9134	w
4 57 5 10673	s
2 37 7 11967
4 37 7 11967	b
4 8 8 13185	a
4 90 9 15017	n
4 41 10 16718	d
4 26 11 17735	o
4 84 12 19793	m
4 3 13 21218	a
4 56 14 22904	s
4 1 15 25302	i
4 56 16 26666	s
2 40 18 28744
4 40 18 28744	t
4 7 19 30517	e
4 43 20 32668	k
4 55 21 34208	s
4 39 22 36072	t
4 3 23 37656	a
4 55 24 39772	s
2 0 25 43256
4 0 25 43256	_
2 0 0 45451
1 0 25 45451
4 0 27 45451	_
2 8 27 47646
4 8 27 47646	a
4 90 28 49499	n
4 39 29 51249	t
4 80 30 52833	r
4 3 31 53717	a
4 55 32 55371	s
2 55 34 57244
4 55 34 57244	s
4 3 35 59117	a
4 44 36 60719	k
4 1 37 62687	i
4 89 38 64005	n
4 13 39 65190	ii
4 55 40 70710	s
2 0 41 74203
4 0 41 74203	_
2 0 0 76407
1 0 41 76407
